0
0
0
0
0
0
0
0
0
0
0.095
0.1333
0.1712
0.26
0.0722
0
0
0
0
0
0
0
0
0
0
0
0
0
0
0
0
0
0
0
0.3212
0.4347
0.5948
0.4691
0.4373
0
0
0
0
0
0
0
0
0
0
0
0
0
0
0
0
0
0
0.0016
1.318
1.6524
1.6359
0.8613
0.5497
0
0
0
0
0
0
0
0
0
0
0
0
0
0
0
0
0
0
0
0.0071
0.057
0.0705
0.0421
0
0
0
0
0
0
0
0
0
0
0
0
0
0
0
0
0
0
0
0
0.0394
0.0825
0.0941
0.0702
0.0063
0
0
0
0
0
0
0
0
0
0
0
0
0
0
0
0
0
0
0
0.0115
0.0376
0.0366
0.0214
0
0
0
0
0
0
0
0
0
0
0
0
0
0
0
0
0
0
0
0
0
0.0603
0.0677
1.5669
1.3216
0
0
0
0
0
0
0
0
0
0
0
0
0
0
0
0
0
0
0
0.0796
0.1406
0.1611
0.0918
0.0458
0
0
0
0
0
0
0
0
0
0
0
0
0
0
0
0
0
0
0
0.0513
0.0974
0.1378
0.0774
0.0194
0
0
0
0
0
0
0
0
0
0
0
0
0
0
0
0
0
0
0
0.054
0.0853
0.1098
0.1213
0.0453
0
0
0
0
0
0
0
0
0
0
0
0
0
0
0
0
0
0
0
0.0396
0.0762
0.082
0.0573
0.0207
0
0
0
0
0
0
0
0
0
0
0
0
0
0
0
0
0
0
0.6666
1.2529
0
0.9504
2.0985
1.7971
0.122
0
0
0
0
0
0
0
0
0
0
0
0
0
0
0
0
0
0.9698
1.9647
2.2618
1.7445
1.5151
0.1568
0
0
0
0
0
0
0
0
0
0
0
0
0
0
0
0
0
0
0.0246
0.3354
0.8127
0.9346
0.1452
0.1435
0
0
0
0
0
0
0
0
0
0
0
0
0
0
0
0
0
0
0.4509
0.6327
0.3942
0.2349
0.3756
0.2081
0
0
0
0
0
0
0
0
0
0
0
0
0
0
0
0
0
0
0.0106
0.3288
1.9292
0.3186
1.4555
1.5178
0.0185
0
0
0
0
0
0
0
0
0
0
0
0
0
0
0
0
0
0.957
1.9533
2.4763
2.9656
2.6936
1.8135
0
0
0
0
0
0
0
0
0
0
0
0
0
0
0
0
0
0
0.0079
0.0959
0.1631
0.2561
0.2132
0.1101
0
0
0
0
0
0
0
0
0
0
0
0
0
0
0
0
0
0
0.0135
0.1019
0.2133
0.2046
0.174
0.0923
0
0
0
0
0
0
0
0
0
0
0
0
0
0
0
0
0
0
0.0076
0.1022
0.1564
0.2007
0.1822
0.0856
0
0
0
0
0
0
0
0
0
0
0
0
0
0
0
0
0
0
0.1703
0.2768
0.5969
0.9501
0.4042
1.3478
0.6054
0
0
0
0
0
0
0
0
0
0
0
0
0
0
0
0
0
0.7589
1.1174
1.9877
2.0052
1.8741
1.1973
0.4263
0
0
0
0
0
0
0
0
0
0
0
0
0
0
0
0
0
0.186
0.7218
1.8561
0.6339
0.0518
0.0068
0
0
0
0
0
0
0
0
0
0
0
0
0
0
0
0
0
0
0.005
0.082
0.1339
0.1341
0.1089
0.0721
0
0
0
0
0
0
0
0
0
0
0
0
0
0
0
0
0
0
0.8178
1.2934
1.6877
1.9431
2.3255
1.4612
0.613
0
0
0
0
0
0
0
0
0
0
0
0
0
0
0
0
0
1.3394
2.4271
2.7963
2.4
2.0217
1.3383
0.6847
0
0
0
0
0
0
0
0
0
0
0
0
0
0
0
0
0
0.0127
0.071
0.1346
0.1469
0.1448
0.0656
0
0
0
0
0
0
0
0
0
0
0
0
0
0
0
0
0
0
0.9021
1.4114
1.822
2.0875
1.7934
1.0822
0.6605
0
0
0
0
0
0
0
0
0
0
0
0
0
0
0
0
0
1.1071
1.9772
2.4105
2.4726
2.1701
1.6619
0.7318
0
0
0
0
0
0
0
0
0
0
0
0
0
0
0
0
0
1.156
1.8663
2.3838
2.7127
2.4655
1.6272
0.7631
0
0
0
0
0
0
0
0
0
0
0
0
0
0
0
0
0
0.0519
0.1403
0.1979
0.2269
0.1987
0.1221
0.031
0
0
0
0
0
0
0
0
0
0
0
0
0
0
0
0
0
0.583
1.7091
2.2728
2.7185
2.3728
1.6694
0.7768
0
0
0
0
0
0
0
0
0
0
0
0
0
0
0
0
0
0.7645
1.9352
3.0505
3.2485
2.9711
1.9954
0.965
0
0
0
0
0
0
0
0
0
0
0
0
0
0
0
0
0
0.9451
1.7071
2.2311
2.6099
2.6591
2.0618
1.1025
0
0
0
0
0
0
0
0
0
0
0
0
0
0
0
0
0
0.1014
0.2742
0.4633
0.5237
0.324
0.1441
0.0208
0
0
0
0
0
0
0
0
0
0
0
0
0
0
0
0
0
0.8089
0.8275
1.0768
1.108
0.9129
0.9249
0.341
0
0
0
0
0
0
0
0
0
0
0
0
0
0
0
0
0
0.0475
0.137
0.2143
0.2625
0.254
0.1879
0.0691
0
0
0
0
0
0
0
0
0
0
0
0
0
0
0
0
0
0.8834
2.0972
2.0198
0.8551
0.4858
0.6235
0.1577
0
0
0
0
0
0
0
0
0
0
0
0
0
0
0
0
0
0.0661
0.1469
0.6559
0.6004
0.7857
1.0513
1.1574
0.0005
0
0
0
0
0
0
0
0
0
0
0
0
0
0
0
0.0114
1.4383
2.004
2.7243
3.0366
3.0449
2.5095
1.5409
0.0002
0
0
0
0
0
0
0
0
0
0
0
0
0
0
0
0
0
0.3325
0.6773
1.298
2.4197
2.0342
0.2437
0
0
0
0
0
0
0
0
0
0
0
0
0
0
0
0
0
0.1378
0.3186
0.3901
0.5378
0.4595
0.163
0.1057
0
0
0
0
0
0
0
0
0
0
0
0
0
0
0
0
0.5612
1.7512
2.3807
0.2918
0.433
1.0467
1.9663
1.4464
0.4959
0
0
0
0
0
0
0
0
0
0
0
0
0
0
0
0.003
0.0381
0.9961
1.9783
1.1534
0.8057
0.8372
0.1569
0
0
0
0
0
0
0
0
0
0
0
0
0
0
0
0
0.0551
1.3726
2.6564
3.2637
2.0143
1.2483
1.2698
0.558
0
0
0
0
0
0
0
0
0
0
0
0
0
0
0
0
0
0.0315
0.0438
0.1054
0.0992
2.2406
1.856
1.2494
0.4042
0
0
0
0
0
0
0
0
0
0
0
0
0
0
0
0.6463
1.6767
2.26
2.5001
2.4105
2.2296
2.2504
1.698
0.9448
0
0
0
0
0
0
0
0
0
0
0
0
0
0
0
0.7144
1.7505
2.5585
2.9621
2.7765
2.9966
2.0567
1.6969
0.6028
0
0
0
0
0
0
0
0
0
0
0
0
0
0
0
0.1108
0.3226
0.1438
0.0723
0.2838
2.1329
3.1016
2.2505
0.8828
0
0
0
0
0
0
0
0
0
0
0
0
0
0
0
0
0.0684
0.1444
0.1758
0.1908
2.7219
2.5529
1.6346
0.6076
0
0
0
0
0
0
0
0
0
0
0
0
0
0
0
0.2258
0.6689
1.1484
1.287
1.4918
1.6651
1.2349
0.5856
0.4225
0
0
0
0
0
0
0
0
0
0
0
0
0
0
0
0.0422
0.1196
0.2527
0.3757
0.3867
0.3483
0.2909
0.2443
0.0552
0
0
0
0
0
0
0
0
0
0
0
0
0
0
0
0.3511
1.001
1.5374
2.6144
2.929
3.069
2.441
1.8421
0.7585
0
0
0
0
0
0
0
0
0
0
0
0
0
0
0
0.1077
0.391
0.4454
0.4167
0.4876
0.5871
0.4805
0.2508
0.0258
0
0
0
0
0
0
0
0
0
0
0
0
0
0
0
0.1575
0.4076
0.6503
0.958
0.8833
0.8738
0.6682
0.3863
0.1232
0
0
0
0
0
0
0
0
0
0
0
0
0
0
0
0.3648
1.1218
1.6418
1.5436
1.9934
1.6797
0.9409
0.5167
0.2544
0
0
0
0
0
0
0
0
0
0
0
0
0
0
0
0.0193
0.0238
0.1348
0.2211
0.2832
2.3502
1.9921
1.7073
0.7152
0
0
0
0
0
0
0
0
0
0
0
0
0
0
0
0.5272
1.5951
2.5595
1.8064
1.362
0.8438
0.4147
0.4204
0
0
0
0
0
0
0
0
0
0
0
0
0
0
0
0
0.3942
0.8246
1.4211
1.4391
1.5616
1.3975
1.0132
0.5034
0.2039
0
0
0
0
0
0
0
0
0
0
0
0
0
0
0.0044
0.9504
1.3983
0.8024
0.6047
1.8781
1.0755
0.9596
1.2732
0.173
0
0
0
0
0
0
0
0
0
0
0
0
0
0
0
0.0227
0.4446
1.2318
1.5818
1.3601
1.036
0.9457
1.2765
0.037
0
0
0
0
0
0
0
0
0
0
0
0
0
0
0
0.0789
0.2071
0.3627
0.509
0.5153
0.4088
0.3004
0.2305
0.0732
0
0
0
0
0
0
0
0
0
0
0
0
0
0
0
0.3769
0.5118
1.2064
2.2164
1.9196
2.0486
2.347
1.7196
1.0775
0
0
0
0
0
0
0
0
0
0
0
0
0
0
0.0055
0.7843
1.9437
2.2752
2.1103
2.6797
2.9373
2.5104
2.0529
1.0661
0.0024
0
0
0
0
0
0
0
0
0
0
0
0
0
0.0328
1.3635
2.442
3.2102
3.2947
3.8286
3.936
3.3389
2.3928
1.2059
0.0064
0
0
0
0
0
0
0
0
0
0
0
0
0
0.1258
0.328
1.241
1.9471
2.1717
2.1142
2.0685
2.0908
1.0482
0.2493
0
0
0
0
0
0
0
0
0
0
0
0
0
0
0.3757
1.5079
2.4303
3.3502
3.6751
3.7706
3.0876
2.6206
1.6792
1.218
0.0101
0
0
0
0
0
0
0
0
0
0
0
0
0
0.0057
0.1541
0.2382
0.09
0.2538
0.5225
3.4507
2.9278
2.3323
1.4838
0.0198
0
0
0
0
0
0
0
0
0
0
0
0
0
0.4226
1.544
2.6204
3.5617
4.1336
4.2984
4.0181
3.4539
2.6635
1.4573
0.0304
0
0
0
0
0
0
0
0
0
0
0
0
0
0.0282
0.1469
0.3046
0.3523
0.1385
0.2132
2.8079
3.0716
2.2259
1.1996
0.0477
0
0
0
0
0
0
0
0
0
0
0
0
0
0.5154
1.677
2.7602
3.5524
4.0307
4.1288
3.904
3.3738
2.5156
1.4147
0.284
0
0
0
0
0
0
0
0
0
0
0
0
0
0.2251
1.8054
3.3955
4.1901
2.5194
0.1534
0.1418
0.112
0.0711
0.0235
0
0
0
0
0
0
0
0
0
0
0
0
0
0
0.5986
1.7354
2.7463
3.6363
4.2422
4.4238
4.1744
3.3634
2.4086
1.249
0.2795
0
0
0
0
0
0
0
0
0
0
0
0
0
0.2949
0.9771
2.2426
2.8404
3.3407
3.4825
3.4778
3.1475
2.1563
1.2549
0.3044
0
0
0
0
0
0
0
0
0
0
0
0
0
0.7204
1.8928
1.0658
1.8302
3.8269
3.2691
1.6168
2.7433
2.0442
1.2632
0.3229
0
0
0
0
0
0
0
0
0
0
0
0
0
0.8657
2.2438
2.1913
2.3558
3.7375
1.1536
2.2988
1.4246
0.3156
0.1148
0.0408
0
0
0
0
0
0
0
0
0
0
0
0
0
0.1958
0.7106
1.349
1.8449
2.2544
2.1549
2.4545
2.0896
1.5557
0.9886
0.2404
0
0
0
0
0
0
0
0
0
0
0
0
0
0.6519
1.7606
2.8206
3.499
3.9808
4.1026
3.861
3.2819
2.488
1.4536
0.3938
0
0
0
0
0
0
0
0
0
0
0
0
0
0.5697
1.5523
2.2462
3.0727
3.479
3.5806
3.335
2.9394
1.9876
1.0842
0.3356
0
0
0
0
0
0
0
0
0
0
0
0
0
0.0038
0.0757
0.1287
0.1404
0.1663
0.1731
2.6101
2.1962
1.618
0.9673
0.2998
0
0
0
0
0
0
0
0
0
0
0
0
0
0.471
1.3962
1.7562
1.8661
2.3718
2.4965
2.1607
1.8304
1.4903
0.8527
0.2396
0
0
0
0
0
0
0
0
0
0
0
0
0
0.1889
0.064
0.7249
1.9519
1.8708
1.242
0.9417
0.4837
0.3726
0.3283
0.1084
0
0
0
0
0
0
0
0
0
0
0
0
0
0.0628
0.3537
0.5404
0.6963
0.9226
0.7874
0.9015
0.5933
0.5608
0.2443
0.0789
0
0
0
0
0
0
0
0
0
0
0
0
0
0.5512
1.5918
2.124
3.0992
3.072
3.423
4.1233
3.6196
2.7618
1.8631
0.6443
0
0
0
0
0
0
0
0
0
0
0
0
0.0333
0.9024
2.2303
3.1217
3.8013
4.0372
3.8349
3.8032
3.5333
2.5857
1.5317
0.4689
0
0
0
0
0
0
0
0
0
0
0
0
0
0.0595
0.144
0.2611
0.3698
0.3639
0.4547
0.4443
0.3888
0.2354
0.1285
0.0343
0
0
0
0
0
0
0
0
0
0
0
0
0.0405
1.0734
2.4965
2.3046
2.7609
1.69
1.1855
1.6527
2.5285
1.5081
1.1467
0.6361
0
0
0
0
0
0
0
0
0
0
0
0
0.0392
0.3883
0.9387
0.906
0.9195
0.9702
1.6054
1.1972
1.4036
1.8004
1.4072
0.5684
0
0
0
0
0
0
0
0
0
0
0
0
0.1572
1.2078
2.2587
3.3781
3.9239
4.0243
3.7875
2.4896
1.4898
0.8762
0.9697
0.2925
0
0
0
0
0
0
0
0
0
0
0
0
0.1568
1.1146
2.4044
3.2817
3.8696
4.0651
3.8963
3.9982
3.4801
2.7576
1.6228
0.5822
0
0
0
0
0
0
0
0
0
0
0
0
0.1771
0.7738
2.0429
2.9344
3.5981
3.1042
3.8947
4.237
3.4183
2.8033
1.4843
0.7057
0.0109
0
0
0
0
0
0
0
0
0
0
0
0.2198
1.4733
2.5951
3.9363
3.2084
2.6163
1.3943
1.1694
2.2115
1.8564
0.9183
0.3871
0.0334
0
0
0
0
0
0
0
0
0
0
0
0.2917
1.1155
1.4203
3.0932
4.0775
1.1003
0.6047
2.3941
2.2263
2.0017
0.2711
0.1969
0
0
0
0
0
0
0
0
0
0
0
0
0.1846
0.8402
1.854
1.9913
2.3889
2.9288
3.5017
3.2686
3.0477
1.8333
1.1776
0.4563
0.0035
0
0
0
0
0
0
0
0
0
0
0
0.2618
1.4678
2.8174
3.8538
4.5712
4.9498
4.9727
4.7181
4.1738
3.3135
2.123
0.7836
0.0166
0
0
0
0
0
0
0
0
0
0
0
0.2205
0.7486
1.4671
2.2668
2.1795
2.8745
3.0893
2.4175
1.9012
1.4757
0.9959
0.4706
0.0112
0
0
0
0
0
0
0
0
0
0
0
0.244
1.3938
2.1994
3.3762
2.8793
3.7992
3.7844
2.1257
2.2089
3.0702
1.482
0.3383
0.0333
0
0
0
0
0
0
0
0
0
0
0
0.0337
0.0904
0.139
0.1581
0.1768
0.3461
0.3477
3.2292
2.9197
2.2519
1.4941
0.611
0.0288
0
0
0
0
0
0
0
0
0
0
0
0.1952
0.5089
0.9776
1.2582
1.505
1.2773
1.3439
1.6122
0.8867
0.5757
0.3807
0.1043
0
0
0
0
0
0
0
0
0
0
0
0
0.0008
0.0478
0.0977
0.1578
0.1927
0.2654
0.2657
3.05
2.7474
2.1527
1.3708
0.5648
0.063
0
0
0
0
0
0
0
0
0
0
0
0.3112
1.0708
0.9466
1.6686
1.0313
1.9138
2.5607
2.6551
1.8763
0.6645
0.2607
0.1465
0
0
0
0
0
0
0
0
0
0
0
0
0.2551
0.7903
1.2242
1.3348
2.0926
2.0324
1.9748
2.0763
1.6519
1.1525
0.5308
0.1765
0
0
0
0
0
0
0
0
0
0
0
0
0.1243
0.3187
0.4981
0.904
0.8848
1.333
0.9265
0.7102
0.4993
0.4735
0.4515
0.2833
0.0338
0
0
0
0
0
0
0
0
0
0
0.0055
0.309
0.6703
1.8575
3.0747
4.6809
3.1701
4.444
1.2233
0.6302
0.122
0.333
0.0259
0
0
0
0
0
0
0
0
0
0
0
0
0.3081
0.6543
1.3359
2.1252
2.6437
2.3199
2.2822
2.4655
2.0713
1.0749
0.7884
0.2794
0
0
0
0
0
0
0
0
0
0
0
0.0018
0.3651
0.9243
1.4983
2.1454
2.5613
2.9615
2.7061
2.8286
2.4026
1.5515
1.1006
0.5286
0.126
0
0
0
0
0
0
0
0
0
0
0
0.0142
0.4006
0.9609
1.4706
2.7329
2.7815
2.9186
1.8316
0.8401
0.8305
1.2337
0.3747
0.1481
0
0
0
0
0
0
0
0
0
0
0
0.051
0.13
0.2141
0.2917
0.321
0.3246
0.3599
0.3299
0.2935
0.2019
0.1302
0.0658
0.0013
0
0
0
0
0
0
0
0
0
0
0.0401
0.4349
1.3798
2.3069
3.1172
4.0472
4.2919
4.465
4.123
3.5477
3.0563
2.1431
0.8966
0.1185
0
0
0
0
0
0
0
0
0
0
0.0798
0.5237
1.7428
2.9259
3.8247
4.4011
4.6886
4.7287
4.5169
3.9932
3.187
2.1518
0.9168
0.1021
0
0
0
0
0
0
0
0
0
0
0
0.113
0.2951
0.6234
0.667
0.9077
1.0625
0.9691
0.7675
0.5595
0.3908
0.3036
0.1384
0.0564
0
0
0
0
0
0
0
0
0
0
0.0779
0.4923
1.3638
2.5982
3.5644
4.0622
4.21
4.048
4.2595
3.6548
2.8542
1.8573
0.8777
0.1492
0
0
0
0
0
0
0
0
0
0
0.0655
0.2792
0.5618
0.8547
1.1497
1.3775
1.544
1.6111
1.5029
1.2728
0.9354
0.7083
0.3981
0.1154
0
0
0
0
0
0
0
0
0
0
0.0821
0.5812
1.702
2.7369
3.6633
4.2865
4.6631
4.6139
4.4492
3.8992
3.0932
1.9119
0.9026
0.1626
0
0
0
0
0
0
0
0
0
0
0.087
0.5495
1.1995
2.1593
2.6733
2.9306
3.005
3.1748
3.0557
2.9127
2.4647
1.6128
0.7552
0.2107
0
0
0
0
0
0
0
0
0
0
0.09
0.629
1.8125
2.9059
3.8185
4.3763
4.7206
4.7724
4.5116
4.0328
3.2583
2.1678
0.9878
0.1378
0
0
0
0
0
0
0
0
0
0
0.102
0.5944
1.2641
2.1916
2.9643
3.9577
3.7043
3.5863
3.0915
3.0171
2.4327
1.8496
1.0633
0.1866
0.0056
0
0
0
0
0
0
0
0
0
0.1529
0.6588
1.0188
1.6521
2.0211
2.6177
1.9142
2.7421
2.756
3.1739
2.9994
2.3334
1.074
0.2219
0.0423
0
0
0
0
0
0
0
0
0
0.1274
0.6883
1.7984
2.8086
3.7155
4.3049
4.6705
4.6661
4.3717
3.8103
2.9809
2.066
0.9378
0.1875
0
0
0
0
0
0
0
0
0
0
0.132
0.6887
1.6392
2.6006
3.6114
3.9873
3.9768
4.2699
4.1206
3.7921
3.0991
2.1127
0.9405
0.1879
0
0
0
0
0
0
0
0
0
0
0.0604
0.2626
0.1851
0.4191
0.6976
1.4883
1.3352
1.4446
1.6352
1.1341
0.5557
0.4519
0.0489
0.0191
0
0
0
0
0
0
0
0
0
0
0.1164
0.7203
1.8699
2.9431
3.7471
4.249
4.5096
4.5328
4.4257
3.9566
3.2034
2.2219
1.0475
0.1852
0.0108
0
0
0
0
0
0
0
0
0
0.0978
0.874
2.2398
3.4726
4.2356
4.5677
2.0824
2.1062
2.058
1.926
1.6029
1.2492
0.7031
0.2642
0.0048
0
0
0
0
0
0
0
0
0
0.1836
1.018
1.1537
0.1598
0.2102
1.5126
1.8211
1.3604
2.7449
4.4779
3.9135
2.7384
1.2098
0.1478
0.024
0
0
0
0
0
0
0
0
0
0.2
0.5954
1.027
1.4184
1.878
2.1835
2.3837
1.8877
2.0044
1.7707
1.2788
0.6841
0.3995
0.1037
0
0
0
0
0
0
0
0
0
0
0.2021
0.4072
0.7518
1.5569
1.1445
0.7921
1.0388
1.2623
2.2529
3.5606
1.5797
2.2744
0.9924
0.2711
0.0178
0
0
0
0
0
0
0
0
0
0.1986
0.6905
1.0685
2.13
1.0343
2.3758
3.3597
2.9399
3.5274
2.8375
2.1637
1.2071
0.6401
0.2669
0
0
0
0
0
0
0
0
0
0
0.1503
0.7947
1.9534
2.986
3.6912
4.1292
4.6161
4.5957
4.296
3.8504
3.0789
2.098
1.0283
0.2318
0.0482
0
0
0
0
0
0
0
0
0
0.1543
0.4979
0.888
1.2766
2.3314
1.95
2.5212
1.5469
2.0819
1.7695
1.6883
0.8037
0.3266
0.1775
0.0592
0
0
0
0
0
0
0
0
0.0023
0.1442
0.9271
2.2006
3.1089
3.2378
4.0532
2.898
2.4511
2.1977
1.9594
1.9564
1.6888
0.5634
0.2969
0
0
0
0
0
0
0
0
0
0.0012
0.143
0.8537
2.0881
3.2906
4.1381
4.8837
3.2089
2.5269
1.7793
1.486
1.4609
0.864
0.7134
0.1821
0.0037
0
0
0
0
0
0
0
0
0.0192
0.1168
0.9224
2.2443
3.3955
4.2174
4.752
5.0378
5.0387
4.7978
4.2985
3.5071
2.4639
1.2323
0.2115
0.0801
0
0
0
0
0
0
0
0
0.0225
0.1875
0.8351
1.9179
2.9504
3.6749
4.1236
4.5472
4.6721
4.3494
3.922
3.1645
2.1993
1.0845
0.2542
0.0906
0
0
0
0
0
0
0
0
0.0274
0.1588
0.9009
2.0436
3.1018
3.9284
4.5211
4.7649
4.7614
4.5671
4.1045
3.4394
2.4285
1.2525
0.2195
0.0871
0
0
0
0
0
0
0
0
0
0.0735
0.3218
0.8983
1.4972
1.2537
1.5112
0.5276
1.8091
0.7121
1.1101
1.9767
2.1732
1.2343
0.2827
0.0872
0
0
0
0
0
0
0
0
0.051
0.2079
0.5839
0.9208
1.8656
1.995
2.2637
2.6295
3.3662
2.4424
2.3832
1.351
0.9579
0.5342
0.3524
0.0955
0
0
0
0
0
0
0
0
0.0581
0.2417
0.3544
0.5303
1.2438
1.4109
2.0795
2.4585
2.8864
2.481
2.1183
1.8488
1.4498
0.8974
0.3542
0.141
0
0
0
0
0
0
0
0
0
0.0864
0.1141
0.3557
0.8958
1.6619
3.1066
4.0659
3.7753
2.8482
4.0226
2.5073
2.2086
1.4748
0.2646
0.083
0
0
0
0
0
0
0
0
0.0588
0.1143
1.0553
2.3816
3.5388
4.3588
4.8866
5.1262
5.1302
4.8697
4.3704
3.6149
2.5782
1.3369
0.2547
0.1036
0
0
0
0
0
0
0
0
0.0639
0.1903
0.9254
1.9503
2.719
3.4896
3.6021
4.2614
4.3629
4.5522
4.0703
3.1654
2.2917
1.1335
0.3197
0.0894
0
0
0
0
0
0
0
0
0.0795
0.3087
0.6978
1.2938
1.9744
2.3182
2.5668
2.7238
2.7225
2.5293
2.536
1.6741
1.2249
0.7527
0.3812
0.1228
0
0
0
0
0
0
0
0
0.0701
0.232
0.9575
1.9505
2.7867
3.5211
4.1257
4.5717
4.6706
4.3171
3.5474
3.198
2.2627
1.207
0.3126
0.0992
0
0
0
0
0
0
0
0
0.0855
0.1532
1.0358
2.3273
3.4396
4.2615
4.7948
5.0734
5.0769
4.8488
4.3535
3.6031
2.5674
1.3496
0.2901
0.0936
0
0
0
0
0
0
0
0
0.0726
0.1548
1.1799
2.5631
3.7154
4.5377
5.0485
5.2742
5.2657
5.0108
4.5116
3.7264
2.6665
1.396
0.2846
0.0957
0
0
0
0
0
0
0
0
0.0844
0.2527
0.921
1.5405
2.0251
3.7504
5.1255
2.2055
0.6085
2.6211
1.1825
1.6889
2.2687
1.3691
0.3174
0.196
0.0078
0
0
0
0
0
0
0
0
0.2938
0.6158
1.2992
1.9062
1.6416
1.8391
2.3613
3.0364
4.0735
4.8305
3.6382
1.7067
1.0973
0.38
0.1536
0
0
0
0
0
0
0
0
0.0059
0.129
0.3136
0.4273
0.484
0.6775
1.0123
1.0634
1.1985
0.8977
0.9137
0.7366
0.452
0.3861
0.296
0.0905
0
0
0
0
0
0
0
0
0.063
0.2504
0.596
1.0079
1.1111
1.4137
1.2749
1.4492
1.3214
1.099
1.1555
1.0282
0.7488
0.5514
0.2911
0.0888
0
0
0
0
0
0
0
0
0.1028
0.2968
0.1695
0.1874
0.7881
2.0272
3.0331
4.3609
2.7777
3.6584
3.2758
3.8518
1.9073
1.0952
0.4377
0.2025
0.0012
0
0
0
0
0
0
0
0.1151
0.3158
0.6395
1.226
1.8415
2.1053
2.7759
2.9232
2.1241
2.0802
2.359
2.0024
1.7258
1.02
0.4294
0.2119
0
0
0
0
0
0
0
0
0.0827
0.3449
0.6261
0.9404
1.4519
1.7851
1.8346
2.1395
1.6758
1.6595
1.6763
1.6257
1.2389
0.7744
0.4298
0.1507
0
0
0
0
0
0
0
0
0.1174
0.24
1.1124
2.3533
3.2775
3.8187
4.4503
2.0756
1.8269
1.9824
1.8674
1.6086
1.1009
0.8508
0.4326
0.1871
0
0
0
0
0
0
0
0
0.1036
0.1762
1.0546
2.4851
3.3901
3.9634
4.3928
2.1859
2.1323
2.1269
1.8544
1.4688
1.0242
0.7247
0.3922
0.1238
0
0
0
0
0
0
0
0
0.0988
0.2361
1.0543
2.0703
3.0783
3.4116
4.146
2.6912
2.6882
3.2419
3.6286
2.7903
1.9724
1.1642
0.4964
0.201
0
0
0
0
0
0
0
0
0.0981
0.3151
1.08
2.4906
3.2607
2.9892
2.5965
1.5782
1.618
1.1962
1.5795
0.829
1.443
1.371
0.3813
0.124
0.0168
0
0
0
0
0
0
0
0.0906
0.2922
0.3715
0.6025
0.8501
0.4618
1.5822
2.4498
4.4451
5.0425
4.6679
3.9074
2.8772
1.602
0.4239
0.124
0.0429
0
0
0
0
0
0
0
0.1046
0.2806
1.0249
1.5223
2.1952
2.5175
2.3457
2.1725
2.9187
2.9597
3.2221
2.3998
2.1188
1.1719
0.4959
0.2264
0.0115
0
0
0
0
0
0
0
0.1178
0.1129
0.0711
0.6405
0.5878
1.1135
1.3993
1.1068
1.3487
2.0537
2.5473
2.2546
1.7224
0.8516
0.4452
0.1977
0.0036
0
0
0
0
0
0
0
0
0.162
0.4355
0.6411
0.7961
1.0319
0.9448
3.4784
2.8745
1.2058
1.9531
2.0416
1.5587
1.2845
0.4727
0.1327
0.0367
0
0
0
0
0
0
0
0.1327
0.3484
0.706
1.0774
1.6429
2.021
2.2357
2.4171
2.1972
2.5264
1.6153
1.3895
0.9835
0.7444
0.4348
0.0608
0
0
0
0
0
0
0
0
0.086
0.1526
1.1189
2.3848
3.4779
4.2588
4.7678
4.9969
5.0106
4.8151
4.3627
3.653
2.7016
1.5146
0.3933
0.1053
0.0161
0
0
0
0
0
0
0
0.0997
0.2013
1.0446
2.2277
3.2912
4.0696
4.5706
4.8246
4.8736
4.6644
4.2457
3.5329
2.6155
1.475
0.4121
0.1238
0.0498
0
0
0
0
0
0
0
0.0725
0.2429
0.4875
0.7992
1.0694
1.0618
1.0053
1.309
1.4436
1.0815
0.9462
0.8388
0.6788
0.5208
0.3713
0.1604
0.0172
0
0
0
0
0
0
0
0.1135
0.3861
0.8925
2.0567
2.7494
3.3116
3.9656
4.2237
4.0914
3.6366
3.4642
2.4118
1.7998
1.145
0.4671
0.2003
0.0534
0
0
0
0
0
0
0
0.14
0.3265
0.8418
2.052
1.5198
2.3823
3.4685
2.1296
2.1477
0.2811
1.161
1.5724
2.5497
1.183
0.5315
0.2412
0.0606
0
0
0
0
0
0
0
0.055
0.1756
0.3527
0.6392
0.9675
1.0683
1.4859
1.657
1.7682
1.6984
1.261
0.9184
0.5634
0.4354
0.2519
0.0866
0.0183
0
0
0
0
0
0
0
0.122
0.3299
0.7843
1.1925
1.3656
1.8368
1.9811
1.8738
1.6208
1.1447
1.1917
0.947
0.7686
0.4466
0.1509
0.1131
0
0
0
0
0
0
0
0
0.109
0.2715
1.3479
1.7917
1.7808
2.1552
1.2319
0.9696
0.2931
0.3362
0.9749
0.6023
1.056
0.8386
0.5358
0.2145
0.0458
0
0
0
0
0
0
0
0.1167
0.2195
0.6457
0.9786
1.5616
1.2661
1.3199
0.8693
0.6296
0.2735
1.3056
1.5775
1.5114
1.0595
0.5107
0.215
0.0489
0
0
0
0
0
0
0
0.1505
0.3896
0.9663
1.6605
1.9822
2.6237
3.2408
4.0511
3.7544
3.5546
3.2561
1.8449
0.8924
0.6486
0.1789
0.0199
0
0
0
0
0
0
0
0
0.1154
0.2718
1.0148
1.6281
2.9616
3.9398
4.4506
3.7993
3.2698
3.4193
3.6331
3.3577
2.2743
0.9087
0.3903
0.226
0.0501
0
0
0
0
0
0
0
0.1124
0.2329
1.1337
2.2952
3.4038
3.7555
4.4291
2.6555
2.3445
2.2138
1.9279
1.3699
1.0232
0.702
0.4829
0.1822
0.0236
0
0
0
0
0
0
0
0.1776
0.099
0.673
0.9263
0.4639
3.231
3.6428
1.7884
2.0221
4.0926
4.4832
3.2223
2.017
1.2565
0.5744
0.1133
0.047
0
0
0
0
0
0
0
0.1418
0.3609
0.7867
1.2578
1.5508
1.8374
2.1223
2.2083
2.1752
2.0321
1.8307
1.4361
0.758
0.3907
0.3599
0.1144
0
0
0
0
0
0
0
0
0.1742
0.1774
0.5276
1.1671
2.6457
4.2326
4.1169
3.793
3.1594
2.6436
0.2196
0.1826
0.1364
0.0888
0.0441
0.0041
0.0193
0
0
0
0
0
0
0
0.0982
0.1909
1.0096
2.1585
3.1818
3.916
4.4423
4.6976
4.7288
4.5581
4.2115
3.5222
2.6411
1.5481
0.4552
0.1153
0.0575
0
0
0
0
0
0
0
0.1112
0.3569
0.9128
1.7016
2.5502
3.0284
3.8776
4.5392
4.6302
4.3225
3.8522
3.0997
2.3703
1.3753
0.4981
0.2186
0.0455
0
0
0
0
0
0
0
0.1019
0.2065
0.9802
2.0492
3.0483
3.8091
4.328
4.5635
4.5598
4.4402
4.0249
3.3913
2.5377
1.4686
0.4772
0.1375
0.0615
0
0
0
0
0
0
0
0.0923
0.1473
1.0101
2.2049
3.2567
4.0548
4.5572
4.8127
4.8483
4.6388
4.2276
3.5647
2.6602
1.5478
0.4592
0.1208
0.0624
0
0
0
0
0
0
0
0.123
0.2669
0.9011
1.8566
2.8135
3.6112
4.0223
4.347
4.3731
4.1138
3.6824
3.1282
2.4554
1.4358
0.5165
0.1392
0.0581
0
0
0
0
0
0
0
0.0925
0.2228
0.9436
1.9263
2.8479
3.6244
4.046
4.2368
4.2205
3.9692
3.6647
3.1012
2.2751
1.444
0.5128
0.1382
0.0594
0
0
0
0
0
0
0
0.1098
0.3478
0.739
1.0821
1.9651
2.1259
2.4074
2.7416
2.7579
2.6756
1.6489
1.4325
0.7961
0.5919
0.2663
0.0335
0
0
0
0
0
0
0
0
0.0953
0.1975
0.9114
1.9168
2.8349
3.6271
4.086
4.3352
4.44
4.2238
3.8692
3.2643
2.4002
1.4132
0.488
0.1467
0.0629
0
0
0
0
0
0
0
0.1068
0.2364
0.9271
2.024
3.0388
3.7765
4.2397
4.4629
4.5112
4.404
3.9847
3.359
2.448
1.4348
0.5166
0.1639
0.0546
0
0
0
0
0
0
0
0.1117
0.3259
0.7916
1.7295
2.1088
2.6246
3.2148
4.0533
4.4274
4.5194
3.8179
3.0836
1.6826
1.1745
0.5714
0.208
0.0399
0
0
0
0
0
0
0
0.0883
0.3004
0.5795
1.1208
1.6791
1.4111
1.5773
1.3859
1.038
1.6415
1.6295
1.6848
1.6976
1.0686
0.5586
0.164
0.071
0
0
0
0
0
0
0
0.0883
0.2344
0.8562
1.5909
2.1694
2.9157
3.0565
3.4795
2.7113
2.294
2.729
2.7685
2.4379
1.3934
0.543
0.2228
0.0474
0
0
0
0
0
0
0
0.0965
0.1308
0.9136
2.0352
3.0033
3.7472
4.2224
4.4889
4.5233
4.3437
4.0002
3.3597
2.5258
1.4562
0.4448
0.1124
0.049
0
0
0
0
0
0
0
0.0763
0.1153
0.9453
2.151
3.1926
3.9435
4.4489
4.6969
4.7512
4.5632
4.1977
3.5672
2.6708
1.567
0.4417
0.1116
0.0381
0
0
0
0
0
0
0
0.0846
0.3018
0.8051
1.4277
1.9791
2.3928
2.9618
2.6139
2.4433
2.6914
2.5109
1.7763
1.1747
0.5179
0.2198
0.0085
0
0
0
0
0
0
0
0
0.0611
0.3129
0.6146
1.0285
1.3752
1.6552
1.7956
2.3357
2.1716
2.3552
2.0861
1.8944
1.5133
0.8306
0.3432
0.1012
0
0
0
0
0
0
0
0
0.0987
0.1557
1.1078
1.2512
2.5928
2.767
1.9216
0.4935
2.005
2.0038
1.9454
1.0023
0.9092
0.2746
0.0638
0.1314
0
0
0
0
0
0
0
0
0.0789
0.2856
0.4975
1.9026
0.3788
0.9305
2.9451
4.9771
5.2264
1.6192
2.3746
0.1956
0.1445
0.0938
0.0465
0.0039
0
0
0
0
0
0
0
0
0.0841
0.281
0.602
1.2923
1.7355
4.0739
4.7006
4.6507
3.6779
1.485
0.2156
0.18
0.3274
1.0814
0.504
0.0306
0
0
0
0
0
0
0
0
0.039
0.1718
0.456
0.6478
0.8992
0.8447
0.8096
0.8889
0.8304
0.7939
0.8016
0.7085
0.6231
0.4065
0.1685
0.0435
0
0
0
0
0
0
0
0
0
0.0161
0.0625
0.105
0.1613
0.2047
0.2315
0.2541
0.2606
0.2771
0.2428
0.1873
0.1635
0.0944
0.0478
0.0014
0
0
0
0
0
0
0
0
0.0731
0.1969
0.7671
1.6192
2.5783
3.1991
1.6704
1.6143
1.2532
0.6708
0.262
1.2908
1.4641
0.7838
0.5331
0.1607
0.0039
0
0
0
0
0
0
0
0.0681
0.2986
0.795
1.5591
2.3998
2.9329
3.4326
3.9009
3.9731
3.7606
3.299
2.8026
2.0998
1.2453
0.5
0.1763
0
0
0
0
0
0
0
0
0.0466
0.2202
0.4647
0.6566
0.7858
0.7593
0.9114
0.8237
0.8241
0.7377
0.6643
0.6219
0.4768
0.4852
0.1895
0.0695
0
0
0
0
0
0
0
0
0.022
0.1679
0.4285
0.7634
1.0293
1.2415
1.4271
1.4215
1.3957
1.439
1.2752
1.0145
0.521
0.3768
0.2426
0.071
0
0
0
0
0
0
0
0
0.0466
0.2769
0.6163
1.0427
1.4483
1.725
2.21
2.7421
3.1721
3.0503
1.2017
0.4678
0.1269
0.3523
0.0965
0.1297
0
0
0
0
0
0
0
0
0.0736
0.1361
0.8056
1.9949
3.0772
3.8974
4.4518
4.7736
4.8584
4.6998
4.2901
3.6447
2.7135
1.5453
0.401
0.0956
0
0
0
0
0
0
0
0
0.0523
0.1079
0.8566
2.1375
3.2863
4.1331
4.6978
4.9985
5.0679
4.8929
4.4696
3.7959
2.8551
1.643
0.4255
0.0791
0
0
0
0
0
0
0
0
0.0581
0.1011
0.8704
2.1801
3.3393
4.1945
4.7439
5.0235
5.0521
4.8633
4.4143
3.7103
2.7449
1.5387
0.3892
0.0957
0
0
0
0
0
0
0
0
0.053
0.1613
0.7373
1.7533
2.7439
3.5793
4.1746
4.5517
4.4571
4.2215
3.6079
3.0404
2.1793
1.2509
0.4131
0.1733
0
0
0
0
0
0
0
0
0.0528
0.1194
0.7844
2.0183
3.1486
4.0003
4.5956
4.8903
4.9343
4.7353
4.3165
3.633
2.6876
1.5066
0.3762
0.0949
0
0
0
0
0
0
0
0
0.0121
0.2474
0.6848
1.513
2.4404
2.801
3.1338
3.8123
4.2407
3.9087
3.5749
2.7529
1.8006
0.93
0.4318
0.1424
0
0
0
0
0
0
0
0
0.0185
0.1983
0.7371
1.2299
1.194
2.2423
3.8221
5.01
3.7934
1.8626
0.3338
0.1686
0.3734
0.0737
0.1355
0.1693
0
0
0
0
0
0
0
0
0.0059
0.2388
0.6299
1.162
1.7425
2.2872
2.9658
3.0905
3.2651
2.5125
2.5122
2.3975
1.6664
0.8608
0.4044
0.1339
0
0
0
0
0
0
0
0
0
0.2165
0.5088
1.0852
1.7473
2.0456
2.1434
2.6147
2.7636
2.445
2.4063
1.9564
1.3413
0.7077
0.3362
0.0943
0
0
0
0
0
0
0
0
0.0049
0.1835
0.6839
1.5347
2.4649
3.3008
3.9892
4.3324
4.3708
4.3083
3.686
3.0177
2.3874
1.3367
0.3802
0.1086
0
0
0
0
0
0
0
0
0.0007
0.1647
0.687
2.0308
1.958
2.2749
2.7486
2.4063
2.5458
1.5383
2.4272
1.8184
1.5301
0.8184
0.3819
0.1496
0
0
0
0
0
0
0
0
0
0.1095
0.711
2.0332
2.9809
3.8711
4.3449
1.9655
1.8822
1.7628
1.8619
1.635
1.5669
1.0126
0.3904
0.1112
0
0
0
0
0
0
0
0
0
0.1297
0.4671
0.6368
1.0581
1.0911
1.1113
0.8776
1.153
1.2064
1.1083
0.7792
0.6591
0.3991
0.2734
0.0767
0
0
0
0
0
0
0
0
0
0.1611
0.6773
1.6944
2.7065
3.4678
4.0685
4.3215
4.405
4.2049
3.7839
3.095
2.2352
1.233
0.3301
0.0792
0
0
0
0
0
0
0
0
0
0.0408
0.1613
0.2802
0.4141
0.5453
0.4943
0.6156
0.7505
0.8424
0.8322
0.8101
0.5553
0.3295
0.1467
0.0315
0
0
0
0
0
0
0
0
0
0.1094
0.6433
1.8337
2.9646
3.8205
4.4117
4.7409
4.7556
4.591
4.1769
3.4958
2.5476
1.341
0.2876
0.0842
0
0
0
0
0
0
0
0
0
0.1145
0.6357
1.7706
2.9102
3.7473
4.3546
4.6761
4.7054
4.518
4.0944
3.3507
2.4005
1.2528
0.2862
0.0736
0
0
0
0
0
0
0
0
0
0.1396
0.6192
1.6036
2.6447
3.521
4.1446
4.4217
4.4878
4.3191
3.8821
3.146
2.2301
1.1424
0.3071
0.0813
0
0
0
0
0
0
0
0
0
0.0652
0.335
0.8874
1.0796
0.787
1.7809
1.3107
2.3246
0.9112
1.8904
2.0481
1.9092
1.4628
0.3362
0.1009
0
0
0
0
0
0
0
0
0
0.1157
0.5807
1.5317
2.4964
3.283
3.7147
3.9612
3.8996
3.8242
3.5046
3.0667
2.1487
1.1676
0.2754
0.0779
0
0
0
0
0
0
0
0
0
0.1084
0.552
1.4807
2.4095
3.6439
4.2108
4.1423
3.9022
3.977
3.118
2.4529
1.7612
0.8809
0.3268
0.0523
0
0
0
0
0
0
0
0
0
0.0992
0.3257
0.6432
0.9449
1.2554
1.4772
1.6119
1.52
1.4139
1.3519
1.1345
0.8093
0.5053
0.2399
0.0353
0
0
0
0
0
0
0
0
0
0.1093
0.5525
1.734
2.882
3.5915
3.8146
3.7219
3.9254
3.4166
2.2855
1.7325
0.8832
0.4788
0.1907
0
0
0
0
0
0
0
0
0
0
0.0698
0.3078
0.6252
0.9082
1.2748
1.4071
1.5379
1.5966
1.5084
1.4541
1.1614
0.7913
0.4808
0.1898
0
0
0
0
0
0
0
0
0
0
0.0985
0.338
0.7224
0.9593
1.3418
1.8751
1.0741
1.7121
1.5636
1.3187
0.9588
0.7164
0.6532
0.1813
0
0
0
0
0
0
0
0
0
0
0
0.0235
0.0687
0.116
0.162
0.1974
0.2188
0.2238
2.6095
2.3137
1.8189
1.2662
0.7281
0.2597
0
0
0
0
0
0
0
0
0
0
0.0879
0.5238
1.6469
2.7817
3.6279
4.1937
4.5024
4.5225
4.4016
3.9194
3.1848
2.2145
1.0896
0.1925
0.0019
0
0
0
0
0
0
0
0
0
0
0.123
0.062
0.1069
0.1503
0.1839
2.4397
2.0703
4.4847
2.9065
2.0133
1.649
0.9324
0.277
0.022
0
0
0
0
0
0
0
0
0
0.0877
0.5297
1.7593
2.9446
3.8195
4.4314
4.7029
4.7688
4.5475
4.0821
3.3537
2.3475
1.1263
0.1562
0
0
0
0
0
0
0
0
0
0
0.0255
0.2696
0.324
0.6593
1.0985
0.8063
0.4422
0.9871
1.431
1.4481
0.9955
0.5653
0.2663
0.0858
0
0
0
0
0
0
0
0
0
0
0.0303
0.1965
0.3904
0.5988
0.8186
0.9549
1.061
1.1018
1.0281
0.9114
0.7291
0.485
0.2682
0.0921
0
0
0
0
0
0
0
0
0
0
0.0806
0.4717
1.5237
2.5032
3.1691
3.7164
4.197
4.336
4.2941
3.602
2.9313
1.9757
0.911
0.1524
0
0
0
0
0
0
0
0
0
0
0.0711
0.443
1.5706
2.643
3.5302
4.2963
4.3505
4.5741
3.9552
3.397
2.7422
1.5959
0.6383
0.1829
0
0
0
0
0
0
0
0
0
0
0.0693
0.4532
1.4425
2.548
3.4692
4.0708
4.4798
4.513
4.3249
3.7918
3.0208
2.0713
0.9128
0.1312
0
0
0
0
0
0
0
0
0
0
0.0128
0.3894
1.2811
2.263
3.2898
3.0096
3.9187
4.2434
3.943
2.0987
1.9392
1.6127
0.6726
0.146
0
0
0
0
0
0
0
0
0
0
0.023
0.3826
1.3255
2.2627
2.8225
3.4866
4.0928
4.1694
3.8435
3.5269
2.8773
1.8
0.7504
0.1068
0
0
0
0
0
0
0
0
0
0
0.0194
0.3842
1.1931
2.1208
2.8052
3.3847
3.7022
3.7564
3.4883
3.0186
2.3939
1.5127
0.6673
0.1461
0
0
0
0
0
0
0
0
0
0
0.0341
0.5179
0.5593
0.1471
1.9102
2.7989
2.3974
3.2612
3.798
1.9444
0.1167
1.2026
0.7988
0.1689
0
0
0
0
0
0
0
0
0
0
0
0.0088
0.0531
0.1002
0.145
0.1803
0.2012
0.2051
0.192
0.1628
0.1293
0.0797
0.0292
0
0
0
0
0
0
0
0
0
0
0
0
0.0756
0.1836
0.4042
0.533
0.7354
0.8638
0.7615
0.5592
0.5897
0.534
0.3671
0.2178
0.0496
0
0
0
0
0
0
0
0
0
0
0
0.2837
0.7596
1.2876
1.9074
2.515
3.4881
2.6522
3.2256
4.0183
2.9414
2.1863
0.8868
0.0932
0
0
0
0
0
0
0
0
0
0
0
0.3041
1.3159
2.8085
3.8793
4.2042
4.2699
3.1961
2.8851
1.5198
0.7868
0.0688
0.0199
0
0
0
0
0
0
0
0
0
0
0
0
0.3055
0.8004
1.0383
2.1034
3.3309
1.4191
1.1687
2.3554
2.5528
3.3581
2.3529
0.8048
0.064
0
0
0
0
0
0
0
0
0
0
0.0072
0.4172
0.8219
2.4815
1.1901
4.1645
3.8129
2.8166
1.8737
0.6274
0.7222
0.2785
0.2511
0.0739
0
0
0
0
0
0
0
0
0
0
0
0.1444
0.4461
0.8901
1.058
1.2714
1.5163
1.5148
1.3229
1.204
1.0667
0.7357
0.3628
0.0632
0
0
0
0
0
0
0
0
0
0
0
0.0765
0.3032
0.7689
1.0864
1.0761
1.4759
2.9977
1.9109
1.8741
1.1226
1.0988
0.7484
0.0359
0
0
0
0
0
0
0
0
0
0
0
0.1685
0.5564
1.0194
1.3918
1.6538
1.2569
1.8416
1.8931
1.6518
1.3531
0.8786
0.2425
0
0
0
0
0
0
0
0
0
0
0
0
0.1771
0.3463
0.9691
0.5038
1.5447
1.475
1.3609
1.7323
1.157
0.7902
1.2385
0.7238
0.0452
0
0
0
0
0
0
0
0
0
0
0
0.3919
1.1393
2.4235
2.1195
1.9182
2.0147
3.2555
3.6478
2.9945
2.8588
1.7278
0.6964
0
0
0
0
0
0
0
0
0
0
0
0
0.0674
0.2344
0.4008
0.5019
0.7287
0.6953
0.608
0.5905
0.4761
0.3113
0.157
0.0576
0
0
0
0
0
0
0
0
0
0
0
0
0.3166
1.4808
2.7526
3.4087
3.3482
3.4629
3.2615
2.5055
3.1485
1.9119
0.9151
0.5161
0
0
0
0
0
0
0
0
0
0
0
0
0.0282
0.3393
0.5879
0.2693
0.5329
1.0673
0.9236
1.8873
1.4343
0.8059
0.4914
0.3344
0.0085
0
0
0
0
0
0
0
0
0
0
0
0.2259
1.0078
2.2324
2.7609
2.8032
3.7112
3.8941
3.6987
2.906
2.1989
1.3537
0.4908
0
0
0
0
0
0
0
0
0
0
0
0
0.2976
1.5288
2.8026
3.7517
4.3803
4.6945
4.7069
4.4305
3.8826
3.0291
1.8431
0.5674
0
0
0
0
0
0
0
0
0
0
0
0
0.0953
0.7594
1.2072
1.1769
1.1784
1.6491
2.3102
1.9535
2.0274
1.1585
0.8754
0.2473
0
0
0
0
0
0
0
0
0
0
0
0
0.2572
1.325
2.4634
3.3386
3.9508
4.328
4.1478
4.0085
3.4838
2.572
1.524
0.4513
0
0
0
0
0
0
0
0
0
0
0
0
0.2574
1.423
2.6901
3.655
4.2992
4.6206
4.6499
4.3893
3.8438
2.9675
1.7768
0.5058
0
0
0
0
0
0
0
0
0
0
0
0
0.0288
0.2192
0.3273
0.4497
0.5193
0.6813
0.8678
0.7775
0.4695
0.3216
0.1719
0.0226
0
0
0
0
0
0
0
0
0
0
0
0
0.0332
0.1547
0.3441
0.4272
0.6558
0.5612
0.6111
0.574
0.5341
0.3392
0.1747
0.0589
0
0
0
0
0
0
0
0
0
0
0
0
0.0362
0.1828
0.2601
0.3432
0.572
0.4936
0.5824
0.6189
0.5474
0.4123
0.2735
0.0554
0
0
0
0
0
0
0
0
0
0
0
0
0.1827
1.1274
2.1715
2.9687
3.5697
3.8493
3.809
3.5541
3.0403
2.2973
1.2982
0.3075
0
0
0
0
0
0
0
0
0
0
0
0
0.008
0.2334
0.5147
0.1162
0.7489
1.1743
2.0064
1.673
2.0064
1.5532
1.2288
0.3608
0
0
0
0
0
0
0
0
0
0
0
0
0.0391
1.0426
0.9169
1.5281
3.8595
2.9449
1.1986
1.4584
1.9566
2.6425
1.7131
0.3893
0
0
0
0
0
0
0
0
0
0
0
0
0.0404
1.2301
2.4279
3.3922
4.0552
4.3798
4.314
4.0308
3.4725
2.5738
1.3654
0.2826
0
0
0
0
0
0
0
0
0
0
0
0
0.0474
1.1382
2.4987
1.771
3.7084
4.2684
3.3595
2.8339
1.4719
0.9619
0.2174
0.0175
0
0
0
0
0
0
0
0
0
0
0
0
0.0097
0.6457
0.8969
1.6286
1.5419
1.6135
1.7463
1.9226
2.01
1.861
1.2739
0.3027
0
0
0
0
0
0
0
0
0
0
0
0
0
0.0605
1.379
2.0324
0.3262
1.317
4.3402
2.6775
2.4259
1.4255
0.2097
0.0288
0
0
0
0
0
0
0
0
0
0
0
0
0
0.0166
0.0627
0.108
0.1443
0.1642
0.533
4.0414
3.9827
2.621
1.5279
0.0444
0
0
0
0
0
0
0
0
0
0
0
0
0
0.9708
1.617
1.8182
1.6919
1.7716
1.0175
1.5385
0.4991
0.2419
0.0575
0
0
0
0
0
0
0
0
0
0
0
0
0
0
0.4839
1.756
2.1003
2.5798
2.973
2.1874
1.7767
0.3376
0.0543
0.1087
0
0
0
0
0
0
0
0
0
0
0
0
0
0
1.0167
2.3475
3.3051
4.0061
4.3461
4.3635
3.9778
3.3867
2.396
1.1431
0.005
0
0
0
0
0
0
0
0
0
0
0
0
0
0.4074
1.2996
1.5911
2.1328
2.2966
2.244
1.6395
1.1606
0.7127
0.2146
0
0
0
0
0
0
0
0
0
0
0
0
0
0
1.0534
2.3258
3.4463
4.0785
4.4213
4.4691
4.0823
3.3981
2.3814
1.1002
0
0
0
0
0
0
0
0
0
0
0
0
0
0
0.161
0.684
0.7361
0.7937
0.9762
1.6612
1.5608
0.9843
0.5862
0.2621
0
0
0
0
0
0
0
0
0
0
0
0
0
0
0.1379
0.4295
0.8073
0.5727
0.2179
0.292
3.1316
2.5986
1.2285
0.353
0
0
0
0
0
0
0
0
0
0
0
0
0
0
0.9199
2.0601
3.0235
3.8394
3.9883
4.1415
3.7368
3.0918
1.9325
0.8427
0
0
0
0
0
0
0
0
0
0
0
0
0
0
0.3821
0.9142
2.0072
3.1961
3.9376
3.9775
3.6818
2.9853
1.7314
0.7728
0
0
0
0
0
0
0
0
0
0
0
0
0
0
0.2366
0.7167
1.3708
1.4506
1.596
1.1911
1.2365
1.158
0.495
0.1566
0
0
0
0
0
0
0
0
0
0
0
0
0
0
0.0584
0.1999
0.4138
0.5868
0.626
0.5044
0.3781
0.2733
0.2052
0.0702
0
0
0
0
0
0
0
0
0
0
0
0
0
0
0
0.0603
0.3196
0.4728
0.6986
0.6598
1.3182
0.8473
0.679
0.2117
0
0
0
0
0
0
0
0
0
0
0
0
0
0
0
0.3753
1.8515
2.7982
2.5354
0.753
0.4411
0.113
0.6543
0.6609
0
0
0
0
0
0
0
0
0
0
0
0
0
0
0.0498
0.1041
0.4256
0.5422
1.0555
0.8122
0.7252
0.3783
0.2137
0.0223
0
0
0
0
0
0
0
0
0
0
0
0
0
0
0.0982
0.3255
0.4794
1.5834
1.3143
1.164
2.3545
3.0344
2.0979
0.7696
0
0
0
0
0
0
0
0
0
0
0
0
0
0
0
0.059
0.1109
0.1695
0.1907
0.1875
0.1548
0.1042
0.0447
0
0
0
0
0
0
0
0
0
0
0
0
0
0
0
0.7169
1.865
1.9189
2.1169
3.7429
1.6668
0.6869
1.3953
1.0214
0
0
0
0
0
0
0
0
0
0
0
0
0
0
0
0.0163
0.0973
0.2207
0.4192
0.4291
0.4619
0.3735
0.3143
0.229
0.0451
0
0
0
0
0
0
0
0
0
0
0
0
0
0
0.0368
0.1297
0.3216
0.1608
0.2753
0.1028
2.4562
2.5776
1.7019
0.6229
0
0
0
0
0
0
0
0
0
0
0
0
0
0
0
0.0353
0.0621
0.1922
0.1869
0.302
2.8236
2.2303
1.1747
0.3256
0
0
0
0
0
0
0
0
0
0
0
0
0
0
0.4051
0.7778
0.6065
2.2457
2.0638
2.9642
2.4498
0.6999
0.2573
0
0
0
0
0
0
0
0
0
0
0
0
0
0
0
0.1477
0.4568
0.9581
0.8962
1.0057
1.3117
0.7929
0.5056
0.1014
0
0
0
0
0
0
0
0
0
0
0
0
0
0
0
0.1796
0.1925
0.6314
0.785
0.7369
0.5205
1.9784
2.6438
0.9287
0
0
0
0
0
0
0
0
0
0
0
0
0
0
0
0
0.1696
0.4913
0.6831
0.5312
0.3035
0.4202
0.3899
0.1873
0
0
0
0
0
0
0
0
0
0
0
0
0
0
0
0.0057
0.4454
0.7359
1.6629
1.9164
1.0829
0.6005
0.3672
0.1578
0
0
0
0
0
0
0
0
0
0
0
0
0
0
0
0
0.2594
1.4523
2.2527
1.045
0.6559
0.9915
0.229
0.0857
0
0
0
0
0
0
0
0
0
0
0
0
0
0
0
0.0275
1.3729
2.3799
3.1138
1.6917
1.5421
1.8779
2.267
0.705
0
0
0
0
0
0
0
0
0
0
0
0
0
0
0
0
1.6285
2.7518
3.353
3.7285
3.4739
3.1011
2.5975
1.4639
0
0
0
0
0
0
0
0
0
0
0
0
0
0
0
0
0.008
0.0849
0.113
0.09
0.0746
2.2944
2.209
1.1335
0
0
0
0
0
0
0
0
0
0
0
0
0
0
0
0
0
0.0341
0.0695
0.0822
0.072
2.1747
1.799
0.8882
0
0
0
0
0
0
0
0
0
0
0
0
0
0
0
0
0.7855
1.2423
2.2775
1.6935
1.3958
2.3043
0.3434
0
0
0
0
0
0
0
0
0
0
0
0
0
0
0
0
0
0.371
0.7394
1.5121
1.6037
1.3111
1.492
0.7034
0.2002
0
0
0
0
0
0
0
0
0
0
0
0
0
0
0
0
0.0859
0.1243
0.3211
0.4889
0.4087
0.3916
0.1796
0.0906
0
0
0
0
0
0
0
0
0
0
0
0
0
0
0
0
0.1049
0.6908
0.7443
0.8317
1.1847
1.0843
1.1928
0.9077
0
0
0
0
0
0
0
0
0
0
0
0
0
0
0
0
1.2262
2.1871
2.7285
2.4524
2.5359
2.1404
1.4305
0.5487
0
0
0
0
0
0
0
0
0
0
0
0
0
0
0
0
0
0.0137
0.0387
0.0595
0.063
0.0451
0.0135
0
0
0
0
0
0
0
0
0
0
0
0
0
0
0
0
0
0.6005
0.9776
1.3164
1.6463
1.342
1.139
0.7751
0.2892
0
0
0
0
0
0
0
0
0
0
0
0
0
0
0
0
0.0049
0.0693
0.1185
0.1398
0.1626
0.1227
0.0603
0.0008
0
0
0
0
0
0
0
0
0
0
0
0
0
0
0
0
0
0.0856
0.2877
1.3524
2.911
2.9748
1.6404
0.6656
0
0
0
0
0
0
0
0
0
0
0
0
0
0
0
0
0
0.0462
0.1153
0.1608
0.1684
0.1276
0.0613
0
0
0
0
0
0
0
0
0
0
0
0
0
0
0
0
0
0.9418
1.5433
1.8946
3.1068
3.0476
2.8483
2.014
1.1071
0
0
0
0
0
0
0
0
0
0
0
0
0
0
0
0
0
0.0305
0.0659
0.0895
0.0865
0.0689
0.0268
0
0
0
0
0
0
0
0
0
0
0
0
0
0
0
0
0
0.0056
0.0918
0.1934
0.2366
0.2415
0.2146
0.0965
0.008
0
0
0
0
0
0
0
0
0
0
0
0
0
0
0
0
0.0202
0.089
0.1739
0.2283
0.2923
0.2047
0.1565
0.0316
0
0
0
0
0
0
0
0
0
0
0
0
0
0
0
0
0.3102
0.1561
0.38
0.6053
1.1168
1.1443
0.304
0
0
0
0
0
0
0
0
0
0
0
0
0
0
0
0
0
0.9105
1.6131
1.4563
0.9192
0.5321
2.2261
1.3616
0.0367
0
0
0
0
0
0
0
0
0
0
0
0
0
0
0
0
0.0111
0.052
0.0733
0.2196
0.2277
2.263
0.9519
0
0
0
0
0
0
0
0
0
0
0
0
0
0
0
0
0
0.0058
0.159
0.2349
0.317
0.2012
0.1761
0.1657
0
0
0
0
0
0
0
0
0
0
0
0
0
0
0
0
0
0
0.0096
0.0315
0.0344
0.0632
2.1113
1.7852
0.0017
0
0
0
0
0
0
0
0
0
0
0
0
0
0
0
0
0
0
0.7096
2.348
3.1751
2.2026
1.179
0
0
0
0
0
0
0
0
0
0
0
0
0
0
0
0
0
0
0.1187
0.1809
0.3849
0.1737
1.9982
1.779
0
0
0
0
0
0
0
0
0
0
0
0
0
0
0
0
0
0
0.0863
0.1734
0.2235
0.2215
0.15
0.0709
0
0
0
0
0
0
0
0
0
0
0
0
0
0
0
0
0
0
0.0632
0.1446
0.2024
0.2368
0.218
0.0998
0
0
0
0
0
0
0
0
0
0
0
0
0
0
0
0
0
0
0.1057
1.1165
0.6876
0.9227
0.2601
0.1561
0
0
0
0
0
0
0
0
0
0
0
0
0
0
0
0
0
0
0.0257
0.0752
0.1106
0.1222
0.0953
0.0235
0
0
0
0
0
0
0
0
0
0
0
0
0
0
0
0
0
0
0.5115
0.7328
0.6831
0.7618
0.3419
0.1308
0
0
0
0
0
0
0
0
0
0
0
0
0
0
0
0
0
0
1.1979
1.918
2.1037
2.2295
1.6763
0.8544
0
0
0
0
0
0
0
0
0
0
0
0
0
0
0
0
0
0
0.9865
1.8398
2.4398
2.2504
1.4217
1.0017
0
0
0
0
0
0
0
0
0
0
0
0
0
0
0
0
0
0
0.2972
0.4759
1.5658
1.6009
1.8164
1.113
0
0
0
0
0
0
0
0
0
0
0
0
0
0
0
0
0
0
0.0806
0.1774
0.2253
0.2567
0.1812
0.0534
0
0
0
0
0
0
0
0
0
0
0
0
0
0
0
0
0
0
0.7646
1.8498
1.5022
2.6766
2.5858
1.7393
0
0
0
0
0
0
0
0
0
0
0
0
0
0
0
0
0
0
1.0434
1.5598
1.682
1.6352
1.5423
0.4856
0
0
0
0
0
0
0
0
0
0
0
0
0
0
0
0
0
0
0.1088
0.4234
0.5918
0.647
0.5295
0.2666
0
0
0
0
0
0
0
0
0
0
0
0
0
0
0
0
0
0
0.8916
0.7944
1.3693
2.2365
2.1075
1.251
0
0
0
0
0
0
0
0
0
0
0
0
0
0
0
0
0
0
0
0.0236
0.045
0.0586
0.0314
0
0
0
0
0
0
0
0
0
0
0
0
0
0
0
0
0
0
0
0.0534
0.2026
0.3223
0.2032
0.186
0.092
0
0
0
0
0
0
0
0
0
0
0
0
0
0
0
0
0
0
0
0
0.0227
0.0425
1.4018
1.0836
0
0
0
0
0
0
0
0
0
0
0
0
0
0
0
0
0
0
0.0912
0.0332
0.154
0.2808
1.1654
0.2602
0
0
0
0
0
0
0
0
0
0
0
0
0
0
0
0
0
0
0
0
0
0
1.0504
0.798
0
0
0
0
0
0
0
0
0
0
0
0
0
0
0
0
0
0
0
0
0.3267
1.9789
1.0354
0.1844
0
0
0
0
0
0
0
0
0
0
0
0
0
0
0
0
0
0
0
0.0196
0.0802
0.0854
1.3401
1.0337
0
0
0
0
0
0
0
0
0
0
0
0
0
0
0
0
0
0
0.2252
0.3918
0.5794
0.7652
0.6009
0.173
0
0
0
0
0
0
0
0
0
0
0
0
0
0
0
0
0
0
1.0045
1.8492
2.1042
2.4137
1.9425
1.4105
0
0
0
0
0
0
0
0
0
0
0
0
0
0
0
0
0
0
0
0.0398
0.0783
0.0658
0.0484
0.0005
0
0
0
0
0
0
0
0
0
0
0
0
0
0
0
0
0
0
0
0.1357
0.2191
0.1698
0.1748
0.0557
0
0
0
0
0
0
0
0
0
0
0
0
0
0
0
0
0
0
0
0.0758
0.1286
0.1453
0.1076
0.0308
0
0
0
0
0
0
0
0
0
0
0
0
0
0
0
0
0
0
0
0
0.0009
0.0461
1.1461
0.7242
0
0
0
0
0
0
0
0
0
0
0
0
0
0
0
0
0
0
0
0.01
0.0491
0.0513
0.031
0
0
0
0
0
0
0
0
0
0
0
0
0
0
0
0
0
0
0
0
0.03
0.0733
0.1141
0.0772
0.0099
0
0
0
0
0
0
0
0
0
0
0
0
0
0
0
0
0
0
0.1506
0.2197
0.67
0.2312
0.069
0
0
0
0
0
0
0
0
0
0
0
0
0
0
0
0
0
0
0
0.0498
0.343
1.015
1.4732
1.0738
0.1544
0
0
0
0
0
0
0
0
0
0
0
0
0
0
0
0
0
0
0
0.1167
0.1642
0.1542
0.151
0.0243
0
0
0
0
0
0
0
0
0
0
0
0
0
0
0
0
0
0
0
0.1538
0.1093
0.2694
0.1691
0.2337
0
0
0
0
0
0
0
0
0
0
0
0
0
0
0
0
0
0
0
0.0741
0.4251
0.1587
0.1539
0.2517
0
0
0
0
0
0
0
0
0
0
0
0
0
0
0
0
0
0
0
0.091
0.151
0.1835
0.096
0.0297
0
0
0
0
0
0
0
0
0
0
0
0
0
0
0
0
0
0
0
0.5288
1.5562
1.6388
1.5855
1.1168
0
0
0
0
0
0
0
0
0
0
0
0
0
0
0
0
0
0
0.0089
0.1388
1.3012
1.1281
0.1807
0.4154
0
0
0
0
0
0
0
0
0
0
0
0
0
0
0
0
0
0
0
0.0183
0.0541
0.063
0.0496
0.0005
0
0
0
0
0
0
0
0
0
0
0
0
0
0
0
0
0
0
0
0.0319
0.0633
0.1463
0.0837
0.0083
0
0
0
0
0
0
0
0
0
0
0
0
0
0
0
0
0
0
0
0.313
0.3923
1.0408
1.125
0.947
0
0
0
0
0
0
0
0
0
0
0
0
0
0
0
0
0
0
0
0.1081
0.0468
0.1095
1.5446
1.252
0
0
0
0
0
0
0
0
0
0
0
0
0
0
0
0
0
0
0.0467
0.0816
0
1.6793
2.1793
1.37
0
0
0
0
0
0
0
0
0
0
0
0
0
0
0
0
0
0
0
0
0.0127
0.0213
0.0146
0
0
0
0
0
0
0
0
0
0
0
0
0
0
0
0
0
0
0
0
1.255
1.5262
1.6571
0.9566
0.663
0
0
0
0
0
0
0
0
0
0
0
0
0
0
0
0
0
0
0
1.5001
1.6634
1.4998
1.1856
0.8052
0
0
0
0
0
0
0
0
0
0
0
0
0
0
0
0
0
0
0
0.2449
1.0784
0.9168
0.5988
0.9097
0
0
0
0
0
0
0
0
0
